151
153
157
160
163
165
167
168
170
170
171
174
176
176
178
180
182
183
182
180
180
181
179
177
172
170
166
160
154
150
147
146
145
146
147
150
154
158
161
164
165
167
170
172
173
173
174
174
178
180
182
183
184
186
186
185
186
184
183
181
176
175
172
165
160
157
153
149
148
149
151
152
155
157
160
165
168
171
174
177
176
177
179
180
181
182
184
186
186
188
189
190
188
186
184
183
180
179
174
170
167
158
151
151
150
147
145
146
152
158
160
163
165
167
170
172
175
177
179
181
181
182
183
185
187
189
191
192
193
192
190
188
186
185
182
179
172
168
163
158
155
153
153
153
152
154
157
160
162
164
167
169
173
173
176
180
181
180
181
185
186
188
191
193
195
196
193
189
188
187
184
180
177
173
167
161
154
153
152
152
151
151
155
160
161
162
166
170
173
173
175
178
180
182
183
184
186
189
190
189
190
193
193
192
192
187
183
185
181
177
172
166
159
154
153
154
150
152
154
155
158
162
165
167
168
171
175
178
179
180
182
183
186
187
188
190
191
192
193
193
192
192
190
188
186
183
178
174
171
166
158
153
151
152
153
154
155
157
160
163
166
169
171
173
176
176
178
180
183
186
187
187
188
192
196
196
195
195
195
193
190
187
187
184
177
173
167
159
151
153
155
155
154
155
158
161
165
167
170
173
175
177
179
180
181
183
185
188
190
192
194
195
198
198
198
197
196
194
190
188
182
180
175
169
163
158
154
152
152
154
156
158
159
161
165
167
172
174
176
178
180
182
183
184
186
187
189
191
193
194
195
195
195
194
191
187
186
184
181
177
173
168
161
155
153
153
154
154
155
157
160
162
164
166
169
172
177
176
177
178
179
180
182
185
189
191
193
194
195
196
197
196
192
191
188
183
182
179
174
169
161
157
152
149
149
152
156
158
159
161
164
166
168
170
173
174
181
182
181
180
