131
128
125
121
112
105
106
110
125
140
157
172
187
195
199
204
204
204
204
205
202
195
187
182
176
170
164
155
148
146
138
125
116
120
123
125
126
125
121
118
110
102
105
112
127
151
167
178
187
199
205
205
209
209
205
201
199
191
184
179
174
165
158
155
146
143
133
121
117
123
126
124
122
123
122
116
105
99
107
118
135
152
164
180
194
200
206
207
201
202
200
193
187
182
176
169
162
160
156
150
144
136
126
117
118
119
123
127
127
121
115
112
103
99
111
126
135
149
169
180
188
194
200
202
200
196
194
194
191
184
176
171
166
159
151
147
141
132
123
119
119
119
120
121
120
115
112
110
102
97
110
129
140
159
173
179
189
200
203
200
200
199
198
196
194
188
180
173
168
160
153
149
143
134
126
123
117
117
121
121
118
116
112
105
97
92
103
130
141
158
173
185
189
199
207
206
204
203
201
198
191
187
182
175
165
160
155
148
142
132
120
117
117
117
118
120
118
117
112
102
96
100
112
122
141
156
173
184
191
198
203
205
202
202
200
196
192
187
181
175
165
160
157
150
141
134
128
121
118
115
115
118
123
122
114
106
105
101
104
118
136
152
168
179
191
200
205
206
206
204
202
203
194
190
183
177
173
166
158
150
146
142
136
127
121
118
119
121
127
121
117
120
114
99
97
111
131
144
160
170
181
194
201
203
208
206
203
201
198
193
186
181
177
168
160
155
152
146
138
133
126
116
117
118
119
122
116
113
110
106
100
102
115
128
146
165
177
189
199
206
210
207
203
204
201
195
191
185
177
170
163
157
151
150
140
133
131
120
112
117
112
114
114
114
113
107
102
103
107
118
136
155
170
182
194
203
205
206
205
202
199
196
192
187
180
175
168
160
154
148
142
139
131
123
117
110
113
116
110
111
112
109
108
106
102
107
124
139
150
169
183
187
193
200
201
200
201
199
195
191
