104
109
115
121
126
133
142
149
151
155
158
158
158
158
158
157
155
152
147
143
140
136
133
130
126
123
119
116
114
113
112
111
108
108
108
108
108
107
108
111
117
124
132
139
145
150
154
156
160
160
163
158
156
159
154
152
146
143
139
135
131
127
124
122
120
117
114
113
112
110
109
110
107
109
109
108
110
114
117
119
128
135
144
148
150
152
155
156
158
157
155
153
151
148
145
143
140
138
133
129
127
124
121
119
116
115
113
110
109
109
108
107
108
108
104
106
115
123
128
134
143
146
151
156
158
158
159
160
157
156
153
149
148
146
142
137
135
133
129
124
121
120
117
114
112
110
109
108
109
109
109
109
108
111
117
123
129
135
142
146
152
155
157
157
158
159
160
159
154
152
148
143
140
138
135
131
131
130
124
119
119
116
115
118
117
116
114
110
109
109
110
110
116
122
126
132
139
142
146
153
160
164
159
160
162
157
155
152
149
147
144
141
138
135
132
130
125
121
119
117
116
113
112
113
111
108
107
108
110
112
116
120
126
131
139
146
150
155
159
163
163
164
164
163
159
156
153
151
146
142
137
134
131
127
122
119
117
116
114
112
111
110
110
109
109
109
110
110
111
113
118
123
130
136
144
150
154
156
158
160
159
159
158
156
153
150
147
145
143
139
135
130
126
123
121
120
113
113
113
112
110
109
108
107
104
104
106
110
112
115
123
131
138
143
149
153
157
161
162
162
161
160
158
154
152
150
147
143
141
138
134
130
127
123
120
117
115
115
113
110
109
110
109
107
106
108
110
113
118
126
134
137
143
147
152
156
159
161
161
161
159
156
154
153
150
146
142
140
136
134
131
129
126
122
119
117
113
112
112
112
110
108
107
108
110
109
108
113
122
128
135
144
146
151
156
158
162
166
166
163
163
160
156
152
149
146
144
142
138
132
130
129
126
124
122
118
115
113
111
109
