179
179
179
180
182
185
188
189
192
192
192
191
189
186
185
184
182
183
184
185
185
186
188
189
191
192
194
196
197
197
198
199
199
197
194
192
190
187
182
179
179
180
181
182
183
186
190
193
195
195
195
195
193
190
187
187
187
187
186
187
188
188
188
188
187
190
195
198
199
198
198
198
199
198
196
194
192
189
187
185
181
181
179
179
182
187
191
192
194
195
195
193
192
191
189
187
184
185
186
186
186
187
188
188
190
190
191
193
195
197
197
197
197
198
197
195
192
189
185
180
178
177
177
177
179
183
187
190
192
193
193
190
189
188
186
184
183
183
183
183
183
183
184
184
186
188
190
190
191
194
195
195
196
196
194
193
191
187
184
182
176
174
174
177
180
182
184
187
190
193
194
194
192
188
185
183
183
183
182
182
183
183
184
184
183
184
186
188
190
192
193
194
195
194
195
195
193
188
183
180
177
174
174
177
178
178
181
186
187
191
193
191
189
189
187
184
181
180
180
180
181
182
183
183
185
187
189
188
186
187
191
195
196
196
195
193
191
188
185
182
180
177
174
174
175
175
178
180
186
191
194
192
191
190
187
182
179
178
178
179
180
181
183
184
182
183
184
186
187
189
191
193
194
195
195
193
190
187
185
183
182
180
177
176
175
175
177
181
184
185
186
188
190
190
187
185
186
182
180
179
179
178
178
179
182
182
183
184
186
189
191
192
194
194
195
195
195
194
191
189
185
182
178
176
175
175
178
182
181
183
187
189
191
191
191
190
188
187
184
182
181
181
181
182
182
183
184
185
186
188
189
191
193
192
193
194
195
195
194
192
190
187
183
181
178
176
175
176
179
181
184
187
188
190
191
192
190
189
188
188
186
183
182
182
181
182
183
184
185
187
189
190
191
192
193
195
197
197
195
193
192
190
189
187
183
178
176
176
178
179
181
183
185
186
188
190
192
190
189
188
