81
81
83
85
87
87
88
88
87
85
83
82
81
76
71
69
66
65
63
61
59
57
55
53
53
55
55
55
55
57
60
62
63
66
70
73
76
80
84
87
91
93
94
95
97
100
103
104
104
101
98
95
92
90
85
82
80
76
73
72
69
66
64
63
64
61
60
63
66
67
71
76
79
81
84
87
89
92
97
101
105
108
114
120
121
120
119
120
117
116
112
107
102
98
94
90
87
85
82
81
81
81
80
79
77
78
79
80
82
85
89
91
94
96
99
104
108
113
116
119
123
127
130
131
132
135
136
136
130
129
126
121
117
113
108
104
104
101
97
95
92
92
91
90
91
91
92
94
96
98
102
105
111
113
115
117
120
125
131
135
141
142
144
146
148
149
149
150
145
142
138
133
128
121
115
110
112
110
106
103
101
101
101
102
101
102
104
106
108
111
113
115
117
119
122
126
130
135
138
140
144
145
148
151
153
153
151
150
149
146
142
137
132
127
122
120
116
114
113
112
112
110
109
108
109
109
109
109
110
112
116
119
123
126
129
130
134
139
145
147
148
152
155
157
158
160
159
157
158
157
151
144
138
134
131
129
124
120
115
114
113
111
111
111
111
110
111
115
119
121
123
126
128
130
133
137
140
144
148
150
153
157
161
162
163
165
164
162
158
155
151
148
144
139
132
128
124
123
122
119
115
112
111
111
114
114
115
117
118
119
121
124
127
130
133
135
138
142
147
152
156
160
162
165
169
168
166
167
162
156
154
151
145
139
135
130
124
124
122
118
115
114
113
111
110
112
114
114
114
115
119
122
126
128
132
135
137
140
144
146
149
153
156
158
159
161
162
161
158
153
148
147
145
139
132
127
123
120
116
115
114
112
110
110
112
111
111
111
111
114
117
119
122
125
130
132
134
135
142
147
151
155
158
160
162
164
164
163
160
157
153
149
145
140
134
129
125
122
118
115
113
112
111
111
111
111
111
111
112
114
117
119
119
123
127
130
134
139
143
144
150
152
155
156
159
162
161
159
160
158
152
147
144
142
137
131
126
124
120
117
114
112
112
111
109
109
108
108
109
110
112
113
116
120
124
126
130
136
140
143
147
151
155
158
162
165
166
165
163
160
155
151
148
143
137
133
130
123
119
115
109
108
109
109
109
109
109
110
110
110
111
114
117
120
123
127
131
135
139
142
145
148
151
155
157
159
161
162
162
159
156
153
150
144
139
135
131
127
122
117
114
112
111
110
110
110
111
112
111
109
109
111
115
120
123
125
131
133
135
140
142
146
152
156
159
161
163
165
165
165
163
161
157
152
147
143
137
133
128
125
122
118
114
113
111
111
111
110
109
111
114
116
114
119
123
123
126
132
136
136
142
147
149
152
158
160
163
166
166
168
169
165
160
156
152
149
144
138
131
127
124
120
116
114
112
110
109
109
109
109
110
112
113
115
119
122
123
125
130
135
137
140
144
148
152
155
159
162
162
163
164
163
161
157
153
151
149
147
139
132
128
126
122
118
115
113
112
112
111
110
110
111
113
112
113
115
119
122
127
130
132
135
138
142
145
148
152
155
162
160
160
163
165
165
162
160
154
152
148
143
139
133
127
124
120
116
112
110
109
108
109
110
109
108
108
111
114
117
120
123
125
131
135
136
137
140
145
149
150
153
157
160
160
159
159
159
158
156
153
149
144
139
134
131
124
121
117
114
112
111
111
111
109
109
110
110
111
113
116
118
120
122
126
128
131
134
138
140
146
148
152
156
159
161
162
163
162
164
162
157
151
145
141
137
132
128
122
117
114
112
111
110
111
110
109
111
112
113
113
114
116
117
123
125
120
125
134
137
141
143
145
148
150
154
158
161
162
162
162
162
160
157
152
149
145
138
134
131
125
121
120
117
116
112
110
110
110
109
110
112
113
112
113
117
119
121
124
126
134
135
137
140
143
145
150
154
159
162
163
164
164
163
160
156
153
150
147
143
137
130
125
124
120
116
113
113
112
111
110
110
107
106
106
107
109
112
115
117
119
121
125
131
134
136
140
143
148
153
155
156
161
162
160
160
160
158
154
151
147
141
134
129
125
121
116
113
111
108
106
106
107
107
107
107
107
108
109
109
111
114
118
120
123
127
133
137
141
142
146
149
152
156
158
159
159
159
157
154
153
150
146
141
137
131
125
121
118
114
112
111
111
110
109
108
109
109
111
112
112
113
115
117
119
122
127
133
137
138
140
143
148
152
154
156
161
161
162
162
161
158
155
152
150
146
141
136
131
127
123
120
