108
104
114
134
146
167
177
186
196
198
200
202
203
202
200
197
191
186
183
177
170
164
157
150
137
132
130
122
120
128
130
128
125
120
112
107
106
109
123
142
156
173
186
194
200
204
204
203
205
205
200
193
187
182
176
169
164
156
151
144
137
126
116
119
124
124
126
125
121
118
111
103
103
114
129
148
168
179
188
200
205
205
208
209
206
202
198
192
184
181
172
164
160
155
146
142
133
121
117
122
125
124
123
123
121
115
104
99
106
120
137
149
165
180
194
201
206
206
202
201
201
194
187
182
177
169
163
160
154
151
145
136
126
118
117
120
122
127
127
121
115
112
104
97
111
126
134
150
170
179
187
195
199
202
199
197
194
193
191
182
176
171
166
159
151
146
141
134
120
119
119
119
120
120
119
118
111
108
101
96
110
129
141
156
174
179
190
199
202
200
198
199
198
196
195
188
179
174
168
159
154
151
141
133
127
121
116
117
120
121
117
116
112
104
97
87
107
130
141
159
174
183
188
201
207
206
204
203
201
198
192
187
180
176
166
160
155
148
142
131
122
117
116
116
117
120
120
115
114
102
94
100
112
123
139
157
173
183
192
197
202
204
202
201
200
196
192
186
181
175
167
161
156
150
142
134
128
122
117
114
117
119
121
121
115
106
103
104
104
119
137
153
166
180
192
199
204
206
206
203
202
202
196
187
184
177
172
166
158
151
147
142
136
127
121
119
119
122
125
124
117
120
113
101
96
109
131
145
158
171
182
194
200
203
207
205
203
201
198
193
186
182
177
169
160
156
152
147
139
133
125
116
118
117
120
121
116
112
110
109
97
101
116
130
147
165
177
189
197
205
209
207
204
204
201
196
190
185
177
171
163
157
151
147
142
134
131
120
113
116
113
113
114
116
112
108
103
102
108
117
138
155
170
182
194
203
205
205
203
202
199
196
192
187
180
174
168
160
153
148
143
138
131
123
117
111
113
116
111
112
113
108
109
105
102
106
125
140
152
170
183
187
193
199
202
201
199
199
195
190
187
182
173
165
157
149
143
139
132
124
114
107
107
110
111
113
116
113
112
109
101
100
112
125
135
150
164
182
190
197
201
203
207
207
201
198
194
188
182
175
165
158
152
146
139
133
127
120
113
110
110
112
115
117
118
114
113
107
96
101
118
130
143
161
174
187
197
199
204
205
205
200
196
193
189
185
178
169
158
150
150
145
138
136
129
122
112
109
112
116
117
118
118
115
114
107
109
106
114
139
155
169
180
186
192
200
200
198
200
196
196
194
190
184
177
169
162
156
151
146
141
134
126
122
119
114
114
112
113
113
110
108
104
97
102
103
122
141
156
173
184
192
197
198
200
203
204
201
196
191
186
181
174
166
158
150
144
140
133
128
122
116
112
109
108
109
110
109
108
109
106
102
106
118
134
150
165
176
188
197
202
203
205
206
203
195
189
186
179
172
166
156
150
147
142
136
129
123
118
113
108
108
111
112
110
110
110
105
103
102
102
114
135
151
165
175
186
196
203
202
199
201
200
191
187
185
180
174
168
161
153
148
140
138
132
125
120
109
107
113
113
112
112
109
104
105
106
103
101
109
126
146
164
179
189
196
206
210
215
214
205
201
194
188
183
177
168
162
157
153
145
139
129
124
114
106
111
111
111
110
111
110
110
102
93
101
109
118
134
145
163
174
189
194
199
204
207
204
200
196
190
183
180
173
163
158
155
147
136
131
128
120
115
112
110
110
111
109
107
105
104
100
93
92
103
117
129
140
151
160
176
184
185
198
203
204
201
199
194
186
182
175
166
156
152
145
138
134
127
125
121
117
112
110
108
106
103
102
102
