187
186
184
180
178
178
178
177
182
184
183
182
182
186
189
188
188
190
191
193
194
195
194
193
191
187
184
184
183
180
179
179
179
182
184
186
187
190
192
193
190
188
186
185
184
183
182
183
186
186
186
186
188
190
192
194
195
197
197
198
199
199
196
194
191
192
190
188
183
180
180
181
183
183
185
190
195
196
195
194
195
192
189
187
187
187
186
184
187
187
188
189
188
187
189
193
197
198
197
197
198
199
199
196
196
191
189
189
186
179
178
181
181
183
187
190
192
195
195
195
192
191
189
187
185
183
184
186
187
187
187
187
188
189
191
192
193
195
196
197
197
197
197
198
196
193
189
184
180
178
178
178
177
179
183
187
191
192
192
192
190
189
187
185
183
182
181
181
182
182
182
181
182
185
188
190
189
191
193
194
195
196
195
194
193
191
188
184
182
176
172
173
178
179
182
185
188
190
192
193
194
191
186
184
183
182
182
182
183
183
183
184
185
184
185
186
190
191
193
194
195
196
195
194
195
191
187
188
185
177
171
174
176
177
176
178
184
188
190
193
191
190
189
188
185
181
180
180
180
181
182
183
183
184
186
187
186
187
190
194
196
196
195
195
194
191
187
184
182
180
177
175
174
175
176
177
181
186
191
193
191
192
191
188
185
182
180
180
181
180
180
182
183
183
184
186
185
187
190
192
193
195
195
194
190
192
190
185
182
182
180
177
176
174
175
178
180
181
183
186
191
194
194
190
186
183
181
180
180
179
179
179
180
181
183
183
184
186
188
190
191
191
192
193
194
194
192
189
187
184
181
178
175
173
174
178
181
181
184
188
188
190
191
191
190
188
185
183
182
182
182
181
181
182
182
182
185
185
186
188
191
193
193
193
194
195
196
194
192
189
187
184
181
178
175
175
176
178
180
182
185
188
190
191
191
191
189
186
188
186
183
183
183
183
183
184
185
186
187
188
190
191
192
192
193
195
195
194
193
193
192
191
189
183
180
179
179
178
179
179
182
185
188
189
191
192
190
187
188
185
181
180
181
183
183
184
184
184
184
185
187
190
192
194
195
194
195
195
195
193
192
192
191
187
183
180
178
177
177
178
177
179
182
184
186
187
188
188
189
187
185
184
183
181
181
181
183
183
183
183
185
186
187
189
194
193
193
193
195
196
194
192
191
189
186
184
183
181
178
175
178
178
179
180
182
185
187
189
189
187
185
185
183
181
180
179
180
181
182
183
183
183
184
185
186
188
191
192
192
192
192
192
193
192
191
188
186
184
181
180
177
176
176
177
178
179
181
184
189
189
186
185
184
184
182
180
179
179
180
179
180
182
183
184
185
187
188
188
189
191
193
193
192
191
191
190
191
190
188
186
181
180
178
177
178
178
179
181
181
185
189
191
190
189
188
187
184
182
181
181
181
181
182
183
184
184
184
186
188
190
191
191
190
191
192
194
194
192
189
186
188
185
181
178
176
175
176
177
180
179
180
182
186
187
187
186
185
186
185
182
180
180
180
180
181
180
180
180
181
183
185
187
190
188
189
191
192
190
189
189
188
186
184
182
180
178
176
173
171
173
173
173
173
176
179
181
183
183
182
182
181
180
180
179
180
179
178
178
179
181
182
182
182
184
186
187
187
188
188
189
187
187
187
186
183
181
178
177
174
172
170
171
171
172
174
177
179
179
180
184
184
183
181
180
178
179
180
179
176
178
179
176
178
181
183
181
182
186
187
186
188
186
187
188
185
181
181
183
177
176
174
172
169
168
169
170
169
171
173
176
179
180
181
180
181
178
176
176
176
175
174
174
174
175
176
178
179
179
180
181
182
184
184
183
184
185
184
181
