167
168
170
171
173
175
177
178
178
178
179
180
181
180
179
177
180
180
179
177
175
175
173
171
167
168
168
168
166
165
164
164
165
165
166
167
165
164
166
169
172
173
175
176
176
177
179
180
182
182
181
181
182
181
180
179
179
179
178
177
175
173
172
171
169
169
169
169
169
168
168
168
167
166
166
166
167
169
171
173
173
174
176
178
180
181
182
182
183
183
182
182
182
183
182
182
185
184
183
182
180
178
176
174
176
175
174
171
169
169
169
169
169
168
168
169
171
172
173
173
173
175
177
178
180
180
181
181
181
183
185
187
188
188
185
183
184
184
183
183
181
178
176
173
171
171
170
169
168
167
168
169
167
167
167
168
169
170
171
172
172
173
174
176
177
179
180
181
181
182
183
183
184
184
184
184
183
182
181
180
179
178
176
174
173
172
171
171
170
169
168
167
166
165
164
164
166
167
168
168
169
170
172
175
177
178
178
178
182
182
182
182
182
182
183
183
183
183
183
180
178
178
176
174
172
171
170
169
169
168
167
167
169
168
166
166
166
167
167
167
169
171
173
175
176
177
179
180
183
184
184
184
182
181
182
183
183
182
181
180
178
178
177
177
176
175
173
170
168
166
165
164
165
162
161
163
164
163
164
165
169
168
169
170
172
174
174
174
175
176
178
180
181
180
180
179
180
180
180
179
177
176
174
173
173
172
170
169
168
167
165
164
165
163
162
163
164
162
162
163
163
165
167
169
169
170
171
173
175
176
177
178
178
179
180
181
180
177
179
182
179
177
177
174
173
172
170
169
168
167
166
165
167
166
165
163
162
162
164
165
165
165
165
165
166
168
171
173
175
175
176
178
180
181
181
181
181
181
179
178
177
176
176
177
174
173
172
170
169
167
165
164
164
164
163
162
161
161
162
162
164
164
165
165
167
170
172
173
176
177
178
180
181
182
182
182
183
183
183
182
182
181
181
180
178
178
176
174
173
173
171
168
167
167
166
166
167
167
167
165
166
167
166
167
169
170
171
171
172
176
177
176
177
180
182
180
182
183
183
182
181
181
179
177
180
181
180
177
174
173
172
171
169
169
168
167
166
165
165
164
165
165
165
165
166
167
169
170
173
173
175
177
178
180
181
182
183
183
183
183
182
183
184
185
183
182
181
181
178
174
173
173
171
171
171
169
167
166
166
166
164
165
165
166
165
166
166
167
168
169
169
171
172
175
176
177
180
180
181
182
182
182
181
181
183
182
181
180
178
176
175
174
173
173
172
169
168
168
167
165
164
164
165
165
164
164
164
165
167
165
164
164
167
171
174
175
175
176
176
177
178
179
180
181
180
179
178
177
177
176
175
174
171
172
173
172
169
165
164
163
160
162
163
163
160
160
162
163
161
162
163
165
166
168
168
169
171
171
172
173
175
176
177
176
180
180
179
177
177
177
176
175
172
172
173
173
172
168
165
163
161
162
163
161
160
160
162
165
161
159
158
161
163
164
165
166
169
170
172
173
174
175
176
177
178
179
181
182
182
181
180
179
181
178
177
177
175
171
170
171
171
169
167
166
166
165
165
165
165
164
163
162
163
163
163
163
166
167
168
170
172
174
175
176
177
178
179
179
181
183
182
181
181
181
181
181
180
178
176
175
175
174
173
171
169
168
166
165
165
165
165
165
165
164
164
164
165
166
168
166
167
170
173
174
173
174
176
178
178
178
179
179
179
180
180
181
182
181
180
178
175
175
175
173
171
169
167
166
163
162
162
162
162
162
161
159
159
159
160
162
163
165
166
166
166
168
171
173
173
174
175
176
177
178
178
178
178
179
179
179
178
177
175
174
173
173
172
171
166
167
165
163
162
163
163
162
162
163
164
164
163
163
164
166
166
167
169
171
172
172
173
174
176
178
178
178
179
181
181
180
181
181
180
178
177
177
175
172
173
173
171
170
170
169
168
166
166
166
165
164
164
164
163
163
164
165
166
166
167
169
173
175
177
179
178
175
175
179
182
181
178
179
180
181
181
181
181
181
177
175
174
175
174
172
170
169
168
166
164
165
165
164
163
163
163
164
164
164
164
165
166
167
167
169
172
173
174
175
177
178
179
180
180
181
181
181
180
180
178
178
176
174
173
171
171
170
169
167
166
166
165
165
165
164
160
160
160
160
160
160
160
160
160
162
164
165
166
168
171
173
173
175
176
176
177
179
180
178
176
176
176
176
175
175
174
173
172
171
170
168
166
165
165
164
163
162
160
159
159
159
159
159
162
161
163
165
165
165
166
168
